2.63650177e+02 9.10643250e+02 -7.42316315e-01 30 475
3.24384277e+02 9.19038330e+02 -7.42316430e-01 20
3.51148438e+02 9.39903015e+02 -7.42310059e-01 10 500
371.19683838 978.54595947 0. 20
7.30479431e+02 1.04002539e+03 -7.42306778e-01 20
7.44155090e+02 9.87392151e+02 -7.42319520e-01 25 760
719.69873047 707.41027832 -0.74231998 20 900
-8.84255981 97.04148102 0. 20 1370
-24.23622894 -18.27866364 0. 30
-70.82571411 -81.0694809 0. 20
-3.50163849e+02 -9.23061829e+02 -7.42318490e-01 20 2091
-335.48626709 289.46969604 0. 20 2700
-333.61431885 307.36257935 0. 20
-324.00537109 330.72323608 0. 20
-299.88006592 332.75640869 0. 20 2734
-277.05838013 345.9961853 0. 20
3.22397461e+02 9.18605469e+02 -7.42315857e-01 20
361.4644165 968.56182861 0. 27 3300
741.35864258 719.32342529 -0.74230685 20
695.65625 694.02618408 -0.74231742 20
-8.8340292 103.0187912 0. 20
-19.35844421 -9.55531693 0. 20 4200
-71.71473694 -91.02988434 0. 20
-334.90258789 297.44754028 0. 25 5490
-307.81469727 333.71072388 0. 25 5510
-277.02667236 363.76397705 0. 25 5540
2.98340332e+02 9.14228210e+02 -7.42316010e-01 25 6033
3.34013397e+02 9.22104126e+02 -7.42303994e-01 10 6050
-8.43367481 85.02713776 0. 25 6930
-335.08581543 295.45596313 0. 25 8200
-310.78018188 334.16412354 0. 20 8280
-297.88098145 332.80072021 0. 15
0 0 0 20
2.94285431e+02 9.13697876e+02 -7.42313073e-01 20 475 
-8.43367481 85.02713776 0. 20
3.14453308e+02  9.16999817e+02 -7.42316773e-01 97
-3.49450592e+02 -9.25042542e+02 -7.42318680e-01 20
