2.53355606e+02 9.09935913e+02 -7.42316506e-01 30 475
3.24384277e+02 9.19038330e+02 -7.42316430e-01 20
3.51148438e+02 9.39903015e+02 -7.42310059e-01 10 500
371.19683838 978.54595947 0. 20
6.94753479e+02 1.07593262e+03 -7.42300904e-01 30
7.71209656e+02 7.69983521e+02 -7.42315323e-01 20
7.63911682e+02 7.36651367e+02 -7.42296174e-01 20
491.48196411 573.14343262 0. 40
54.87848663 168.01733398 0. 25
22.57987976 138.13781738 0. 35
-8.49044991 87.02632904 0. 15
-24.23622894 -18.27866364 0. 30
-67.68476105 -67.52350616 0. 20
-3.40914185e+02 -9.48612976e+02 -7.42316620e-01 20
-3.50163849e+02 -9.23061829e+02 -7.42318490e-01 20 2091
-336.037323 273.47924805 0. 20
-335.48626709 289.46969604 0. 20 2700
-333.61431885 307.36257935 0. 20
-324.00537109 330.72323608 0. 10
-299.88006592 332.75640869 0. 20 2734
-277.05838013 345.9961853 0. 10
2.53355606e+02 9.09935913e+02 -7.42316506e-01 30 475
3.24384277e+02 9.19038330e+02 -7.42316430e-01 20
3.51148438e+02 9.39903015e+02 -7.42310059e-01 10 500
371.19683838 978.54595947 0. 20
6.94753479e+02 1.07593262e+03 -7.42300904e-01 30
7.71209656e+02 7.69983521e+02 -7.42315323e-01 20
7.63911682e+02 7.36651367e+02 -7.42296174e-01 20
491.48196411 573.14343262 0. 40
54.87848663 168.01733398 0. 25
22.57987976 138.13781738 0. 35
-8.49044991 87.02632904 0. 15
-24.23622894 -18.27866364 0. 30
-67.68476105 -67.52350616 0. 20
-3.40914185e+02 -9.48612976e+02 -7.42316620e-01 20
-3.50163849e+02 -9.23061829e+02 -7.42318490e-01 20 2091
-336.037323 273.47924805 0. 20
-335.48626709 289.46969604 0. 20 2700
-333.61431885 307.36257935 0. 20
-324.00537109 330.72323608 0. 10
-299.88006592 332.75640869 0. 20 2734
-277.05838013 345.9961853 0. 10
2.53355606e+02 9.09935913e+02 -7.42316506e-01 30 475
3.24384277e+02 9.19038330e+02 -7.42316430e-01 20
3.51148438e+02 9.39903015e+02 -7.42310059e-01 10 500
371.19683838 978.54595947 0. 20
6.94753479e+02 1.07593262e+03 -7.42300904e-01 30
7.71209656e+02 7.69983521e+02 -7.42315323e-01 20
7.63911682e+02 7.36651367e+02 -7.42296174e-01 20
491.48196411 573.14343262 0. 40
54.87848663 168.01733398 0. 25
22.57987976 138.13781738 0. 35
-8.49044991 87.02632904 0. 15
-24.23622894 -18.27866364 0. 30
-67.68476105 -67.52350616 0. 20
-3.40914185e+02 -9.48612976e+02 -7.42316620e-01 20
-3.50163849e+02 -9.23061829e+02 -7.42318490e-01 20 2091
-336.037323 273.47924805 0. 20
-335.48626709 289.46969604 0. 20 2700
-333.61431885 307.36257935 0. 20
-324.00537109 330.72323608 0. 10
-299.88006592 332.75640869 0. 20 2734
-277.05838013 345.9961853 0. 10
0 0 0 20
7.03907471e+02 1.07112695e+03 -7.42312500e-01 34
7.44155090e+02 9.87392151e+02 -7.42319520e-01 25 760
7.71211182e+02 7.57551636e+02 -7.42315743e-01 20
719.69873047 707.41027832 -0.74231998 20 900
40.22953796 154.40093994 0. 20
